38645   53443
14632   43457
54935   60772
80251   67650
45254   80940
92045   48739
88570   62608
36464   14863
15072   50428
47732   12515
33693   62605
55981   94587
83142   79932
21077   85487
23175   30659
80364   52407
42472   57021
29236   63702
14255   81197
38418   38658
51859   99239
45882   24944
61324   62605
61841   14654
80388   49151
29747   37942
72476   85550
16252   35104
29781   40993
44328   57990
54660   26837
59197   60225
39215   26403
29033   87810
74751   13865
11363   81452
45067   13865
69924   75263
58362   14620
99338   97975
75898   43457
96905   16625
70983   76517
14236   74084
96360   24647
86881   50855
26274   21580
40600   30924
58564   40993
99226   35194
87750   47107
97441   60772
35567   84318
21972   77712
78537   60772
67606   33783
87472   54880
40590   39337
65012   40993
34228   86925
67523   60772
59292   92825
58678   51248
84088   74861
15637   67061
84670   34083
65027   35840
36693   78427
13907   63494
21482   63960
93441   20115
52171   52940
19489   81197
15078   62605
83077   30659
63960   60225
46050   80683
38700   96905
63198   38142
41302   48739
68920   57324
45369   27878
80613   35343
42072   18174
72266   67650
33109   59561
27044   94017
58397   99239
99287   26837
75188   26837
35603   96905
72118   64189
52217   89498
22261   15916
47554   64893
37504   93612
37585   81197
57160   99788
58979   86925
86068   17478
30924   67650
91757   33783
41612   62605
49882   58770